500
1000000000 100 2 16
4 3 2 2
4 1000000000 2 999999999
100 100 2 3
1000000000 3 1 2
66434218 3 2 2
621335426 20082604 2 3
2 2 1 1
3 4 1 2
4 1000000000 1 2
4 625855660 3 1
365482087 971250614 97597 28576180
1000000000 1000000000 2 1
3 999999999 1 3
3 1000000000 1 1
100 100 99 2
1000000000 2 2 1
1000000000 935367125 2 688653704
3 3 2 2
100 999999999 1 3
422251405 1000000000 332267304 3
2 999999999 1 3
999999999 3 999999998 2
100 1000000000 99 999999999
999999999 3 132294377 2
630783940 100 3 2
606735969 100 574575067 9
100 1000000000 2 2
3 999999999 2 3
1000000000 3 999999999 1
3 999999999 2 999999998
999999999 100 999999998 2
1000000000 2 999999999 1
100 4 3 2
3 811153361 1 12686097
999999999 1000000000 3 233117279
4 4 2 1
3 3 2 1
1000000000 100 1 99
513324740 2 1 1
3 440178503 1 1
2 243229745 1 59406209
587962907 2 570433024 1
100 2 9 1
1000000000 100 999999999 2
999999999 4 1 1
3 999999999 2 2
3 4 2 1
4 999999999 3 999999998
100 999999999 57 187975571
999999999 734992451 64730372 1
1000000000 999999999 3 999999998
1000000000 4 1 3
4 2 2 1
1000000000 1000000000 1 999999999
100 3 1 1
1000000000 4 999999999 2
999999999 100 3 1
999999999 4 999999998 1
914040527 100 1 2
999999999 100 1 2
999999999 999999999 3 1
1000000000 999999999 999999999 999999998
3 3 1 2
843094006 3 3 1
1000000000 4 1 2
1000000000 1000000000 2 2
4 999999999 3 2
1000000000 100 1 3
3 999999999 1 1
999999999 878891013 1 3
100 100 70 2
1000000000 999999999 2 3
999999999 3 618585901 2
4 1000000000 2 1
2 100 1 66
4 1000000000 1 3
4 1000000000 3 999999999
688697997 456509775 2 1
1000000000 2 592728920 1
999999999 4 1 3
1000000000 100 1 2
100 1000000000 2 3
275678673 999999999 1 1
2 100 1 2
245635459 1000000000 2 2
3 637320062 1 460765579
999999999 999999999 999999998 3
999999999 999999999 1 3
999999999 999999999 1 999999998
3 999999999 1 701097245
3 402700402 2 1
100 999999999 1 913663288
100 461180180 3 3
100 999999999 99 999999998
999999999 4 999999998 2
100 999999999 1 999999998
999999999 100 999999998 3
999999999 1000000000 1 1
998645846 2 2 1
1000000000 100 3 99
755742919 1000000000 2 2
1000000000 1000000000 2 3
1000000000 1000000000 1 1
1000000000 999999999 999999999 1
999999999 100 3 3
100 999999999 5 3
3 999999999 2 1
3 100 1 64
100 1000000000 3 3
100 999999999 99 1
100 4 99 1
207868204 1000000000 2 225202610
999999999 1000000000 38408940 1
163592637 549432548 2 110629430
2 3 1 2
999999999 1000000000 2 1
999999999 999999999 999999998 999999998
999999999 2 999999998 1
205684158 100 1 3
2 251894516 1 3
100 999999999 3 999999998
100 100 2 1
3 1000000000 2 3
2 1000000000 1 621800414
999999999 999999999 999999998 2
2 1000000000 1 999999999
1000000000 100 2 2
100 2 99 1
1000000000 4 999999999 1
999999999 1000000000 2 2
1000000000 4 3 1
1000000000 100 999999999 99
1000000000 3 1 1
999999999 100 999999998 1
100 2 3 1
3 565428755 1 2
1000000000 1000000000 432922762 516684653
999999999 999999999 3 97982365
999999999 1000000000 3 780175482
4 2 1 1
1000000000 999999999 2 999999998
1000000000 100 2 3
100 4 84 3
1000000000 4 3 3
4 100 1 99
100 1000000000 1 2
4 1000000000 1 1
4 100 3 2
4 3 3 1
999999999 100 2 1
100 1000000000 99 1
999999999 1000000000 2 3
4 40276081 1 3
4 100 2 3
142421367 2 48241495 1
4 3 2 1
100 999999999 3 3
100 4 2 1
1000000000 100 2 1
3 100 2 3
999999999 999999999 999999998 1
100 3 3 2
4 999999999 1 3
999999999 3 2 2
4 1000000000 3 1
999999999 999999999 3 2
999999999 1000000000 488516079 1
3 100 1 1
804494411 2 1 1
4 4 3 2
1000000000 100 3 32
4 413460114 3 2
100 4 1 3
4 1000000000 1 809590669
100 999999999 2 3
3 1000000000 1 197472206
1000000000 100 999999999 1
100 999999999 3 607160337
999999999 1000000000 1 3
999999999 1000000000 3 999999999
135818523 100 127108945 1
100 100 3 3
100 100 99 3
2 100 1 99
999999999 1000000000 3 2
100 1000000000 3 999999999
4 911940777 2 39960172
999999999 1000000000 999999998 2
4 100 1 40
100 100 1 2
997867345 170075009 374134420 2
1000000000 100 3 3
100 100 1 1
999999999 1000000000 1 999999999
4 100 2 1
3 1000000000 1 999999999
999999999 4 618409559 1
312920545 1000000000 309279031 2
3 100 1 99
4 100 2 71
1000000000 1000000000 999999999 1
100 999999999 1 2
100 351514573 1 3
100 999999999 99 2
1000000000 1000000000 3 1
543390985 2 25843304 1
1000000000 999999999 3 1
100 4 2 2
803061495 4 3 3
999999999 100 3 2
4 1000000000 3 2
2 3 1 1
3 190048202 1 3
1000000000 100 2 99
100 999999999 1 1
1000000000 100 99694839 3
4 999999999 2 1
100 100 3 1
4 100 1 3
999999999 3 3 2
3 4 2 3
999999999 4 1 2
1000000000 3 3 1
351511977 1000000000 3 1
999999999 1000000000 1 2
4 1000000000 2 3
2 1000000000 1 3
3 1000000000 1 2
999999999 2 3 1
2 1000000000 1 1
690839093 999999999 2 3
100 470997877 1 2
4 999999999 3 3
3 100 2 1
880984255 1000000000 1 3
3 750409238 1 2
543383962 764857696 2 41522173
1000000000 999999999 3 3
3 525092475 2 3
999999999 100 1 1
3 1000000000 1 3
1000000000 3 999999999 2
999999999 1000000000 3 3
100 1000000000 1 3
999999999 999999999 3 3
999999999 100 2 3
1000000000 100 3 1
4 3 3 2
4 100 3 99
100 397986566 65 2
588175668 2 2 1
100 999999999 2 217038469
1000000000 1000000000 1 3
4 1000000000 3 3
4 100 1 1
699118378 100 371255050 53
999999999 3 999999998 1
588778144 302958057 3 3
999999999 999999999 1 1
999999999 4 2 3
999999999 999999999 3 361042743
999999999 999999999 2 2
4 100 1 2
1000000000 1000000000 3 999999999
189832940 1000000000 2 3
19089712 3 3 1
999999999 4 3 3
1000000000 2 3 1
4 4 2 2
100 999999999 1 4861357
1000000000 4 606716047 3
903145896 4 200741956 3
1000000000 723284552 647366837 1
2 100 1 3
100 2 1 1
4 100 2 91
100 100 3 99
999999999 1000000000 2 724564983
100 100 3 2
100 2 2 1
2 100 1 1
1000000000 999999999 1 999999998
1000000000 1000000000 1 4469475
404696558 1000000000 344580310 355699065
4 142306207 2 3
999999999 489345280 108542079 3
100 1000000000 99 2
1000000000 1000000000 2 999999999
4 3 1 2
1000000000 1000000000 999999999 3
57695794 1000000000 17394064 1
499812538 999999999 1 1
1000000000 999999999 2 2
999999999 234259462 1 104118482
1000000000 84082569 375561153 2
452792670 1000000000 2 115192647
1000000000 999999999 3 2
4 4 1 1
999999999 999999999 1 2
999999999 100 2 99
1000000000 999999999 2 1
2 4 1 3
4 4 3 3
999999999 1000000000 3 218565021
999999999 100 3 99
100 100 3 48
999999999 100 1 92
100 4 3 3
100 492122489 3 2
1000000000 1000000000 3 2
3 1000000000 2 174737436
3 387806766 2 3
759115178 100 3 1
100 100 2 99
2 999999999 1 2
3 999999999 2 217585714
100 916630865 1 2
1000000000 3 3 2
1000000000 100 2 27
1000000000 4 120887411 1
999999999 999999999 2 1
100 3 3 1
3 100 1 3
100 100 1 99
999999999 1000000000 999999998 3
402854259 831040336 3 3
3 3 1 1
3 560442205 2 3
475576299 79599546 62711377 1
4 21218471 2 2
377173489 999999999 3 1
1000000000 100 3 2
1000000000 889034323 2 585497466
632902334 4 3 3
100 3 99 2
992439437 2 2 1
1000000000 999999999 1 2
100 999999999 2 999999998
4 100 3 1
4 999999999 2 2
4 867643142 2 2
100 4 99 3
100 3 98 2
3 49194494 2 1
1000000000 3 2 1
4 999999999 2 3
100 3 99 1
999999999 306100163 2 1
1000000000 1000000000 999999999 999999999
1000000000 999999999 2 47219043
999999999 2 1 1
100 999999999 3 1
1000000000 1000000000 3 165697225
4 999999999 1 2
100 100 99 1
1000000000 999999999 2 756841576
999999999 4 3 1
100 305987626 2 48247012
1000000000 1000000000 711006329 2
999999999 4 3 2
1000000000 999999999 1 3
999999999 100 1 3
3 2 1 1
3 4 1 3
100 4 3 1
999999999 153855548 3 2
100 3 1 2
474573491 100 2 2
4 100 2 2
999999999 3 2 1
576202195 4 1 2
3 4 1 1
100 1000000000 1 1
1000000000 999999999 999999999 2
874810763 1000000000 1 903855415
100 100 2 2
999999999 4 2 1
1000000000 100 968047634 19
4 4 1 3
999999999 100 2 11
427727826 1000000000 3 1
1000000000 4 2 1
999999999 100 2 2
4 2 3 1
999999999 4 2 2
1000000000 748176992 2 3
999999999 3 1 2
100 1000000000 2 999999999
586838884 999999999 2 2
268284003 3 3 1
1000000000 352351844 795508322 1
999999999 999999999 2 3
1000000000 1000000000 301408972 2
4 999999999 1 344277279
4 100 3 3
1000000000 999999999 999999999 3
4 292678792 1 2
4 999999999 2 999999998
1000000000 1000000000 1 2
702326696 999999999 3 1
999999999 1000000000 999999998 999999999
4 3 1 1
4 4 3 1
100 999999999 2 2
999999999 1000000000 999999998 1
100 999999999 3 2
3 100 2 2
4 1000000000 1 999999999
999999999 100 1 99
100 380837481 37 96807255
1000000000 4 2 2
100 1000000000 99 3
201238540 100 49757290 14
515006471 3 3 2
1000000000 760355100 2 1
1000000000 100 999999999 3
3 1000000000 2 2
4 308024713 3 2
713458743 999999999 1 232415301
900930753 3 3 1
4 345870621 1 11170728
100 1000000000 3 1
671771882 1000000000 458242975 1
999999999 2 2 1
3 999999999 1 2
999999999 3 1 1
4 100 2 99
4 4 2 3
100 999999999 2 1
999999999 3 3 1
4 4 1 2
3 999999999 2 478452455
1000000000 3 2 2
204388631 3 2 2
3 999999999 1 79992930
2 999999999 1 999999998
1000000000 4 1 1
3 999999999 1 419422452
2 477765917 1 413635441
3 1000000000 2 999999999
100 4 1 2
4 1000000000 2 2
999999999 4 627313199 3
569981406 4 2 2
270079655 4 13920983 1
3 999999999 1 999999998
2 590064564 1 410727603
100 1000000000 3 2
100 1000000000 1 999999999
1000000000 634373833 687984129 3
1000000000 2 1 1
100 100 1 3
100 4 1 1
4 1000000000 2 812085677
999999999 1000000000 2 999999999
4 999999999 3 1
100 3 2 1
1000000000 1000000000 999999999 2
100 4 99 2
4 999999999 1 999999998
100 3 2 2
804684832 197217720 1 153175513
999999999 1000000000 3 1
100 100 2 80
4 999999999 1 1
704993648 595827515 1 3
1000000000 4 999999999 3
3 1000000000 2 1
100 999999999 99 3
3 4 2 2
3 2 2 1
100 1000000000 2 1
999999999 100 999999998 99
1000000000 100 1 1
160776118 100 1 1
400638252 4 3 2
1000000000 743670139 3 3
999999999 999999999 3 999999998
1000000000 4 2 3
2 4 1 1
568263512 100 2 43
1000000000 4 3 2
2 1000000000 1 2
999999999 999999999 2 999999998
1000000000 1000000000 3 3
999999999 4 999999998 3
977912389 734778827 532290378 1
2 999999999 1 1
100 100 99 99
100 4 2 3
1000000000 999999999 90055928 1
1000000000 100 3 62
999999999 4 37069733 2
3 100 1 2
100 999999999 72 3
779009402 100 3 3
2 4 1 2
3 100 2 99
1000000000 999999999 1 1
